Checking registration status...
Registered Numbers: 

994406201711, 994400820058, 994407544613, 994402648669, 994400623724, 994405109787, 994404595762, 994407306073, 994407990152, 994408817235, 994407894135, 994408981518, 994402273189, 994407804158, 994409727374, 994400470895, 994409623397, 994405452636, 994403281942, 994404232919, 994405283102, 994402816924, 994407053327, 994400901422, 994405949626, 994402810795, 994401158463, 994400585616, 994406628526, 994400826417, 994406228581, 994401251615, 994400419949, 994402833140, 994402863252, 994407981350, 994402115711, 994407060313, 994400450221, 994405414842, 994407606045, 994403570530, 994408360589, 994404570937, 994405301141, 994408522618, 994404887912, 994400431084, 994409598089, 994400611838, 994409700898, 994403248223, 994401249337

Not Registered Numbers: 

994407525785,994405176698,994407691914,994401736403,994404436413,994400159589,994409687067,994400770721,994405378076,994408265630,994404470428,994408242445,994401116998,994407659983,994402695424,994400628221,994407284556,994401101240,994408790631,994404141313,994405189948,994407365010,994409665075,994409043334,994405749838,994403429644,994405958219,994403842160,994405726529,994400409218,994406914883,994407905592,994403156354,994403638082,994402872986,994404586660,994403838404,994401083919,994402359142,994401578665,994408715668,994402085658,994409869543,994407208766,994402036811,994408812464,994403840630,994401286346,994409454110,994401615688,994400479892,994400920767,994402718828 ,994404108114,994400950282,994400034265,994407177522,994402373763,994401260140,994407892681,994403169298,994404933247,994408195799,994404277096,994408440963,994404411709,994403323480,994402096054,994401486043,994406491905,994407442169,994404303858,994400726645,994401683136,994400704678,994402337011,994402245338,994408175130,994406820304,994406809354,994408074413,994404851126,994404933321,994409965783,994403355634,994408504609,994403935737,994403956416,994406950422,994402428519,994409272490,994404334870,994409543942,994409373309,994408719018,994403147762,994408172047,994407873384,994402954623,994400159818,994403735517,994403142006,994408792958,994407850931,994407878504,994407959827,994407349987,994406039791,994409058361,994402964691,994402405409,994402339801,994407374155,994403189943,994408429069,994402065069,994408361249,994406756076,994406976249,994404770641,994403065210,994409910233,994409220534,994406146649,994407503931,994409783080,994406256308,994401534406,994404689429,994403267165,994404286603,994400114524,994403148963,994402837356,994407232141,994400155754,994404085971,994409829297,994403175107,994400118962,994404748615,994408431981,994402692376,994405981024,994402281736,994401372340,994401105888,994401473893,994407949372,994409552573,994407236773,994402928326,994409452254,994407026546,994406861641,994406775529,994405678135     
Summary sent to your personal WhatsApp number.

 994407305146, 994405603856, 994406480747, 994405605058, 994404044024,994400740653,994402469002,994405006595,994409194939,994406129401,994402680657,994405619557,994405386101,994402865262,994400452048,994409862039,994401144230,994408008096,994401622276,994402220975,994402563142,994400234693,994402911373,994406154543,994401620292,994403167246,994408548692,994404919646,994405313898,994402854862,994401487374,994407382693,994405293287,994402377345,994407227462,994400548511,994400757046,994408192740,994408789649,994407869049,994407536633,994400642635,994405185454,994401832101,994403311511,994402065237,994404179127,994405568814,994402895702,994405979932,994401111896,994401670347,994402561230,994402924520,994402570969

994407525785,994406201711,994401249337,994405176698,994407691914,994401736403,994404436413,994400159589,994409687067,994400820058,994407544613,994402648669,994400770721,994405378076,994408265630,994400623724,994404470428,994405109787,994408242445,994401116998,994407659983,994402695424,994400628221,994407284556,994404595762,994407306073,994401101240,994408790631,994404141313,994405189948,994407990152,994407365010,994409665075,994409043334,994408817235,994407894135,994405749838,994403429644,994405958219,994403842160,994408981518,994405726529,994402273189,994407804158,994409727374,994400409218,994400470895,994406914883,994407905592,994403156354,994403638082,994402872986,994404586660,994403838404,994409623397,994405452636,994401083919,994403281942,994404232919,994405283102,994402816924,994407053327,994400901422,994405949626,994402810795,994401158463,994400585616,994402359142,994406628526,994400826417,994401578665,994406228581,994401251615,994408715668,994402085658,994400419949,994409869543,994407208766,994402036811,994402833140,994408812464,994403840630,994401286346,994409454110,994401615688,994400479892,994402863252,994407981350,994400920767,994402115711,994402718828,994404108114,994407060313,994400950282,994400450221,994405414842,994400034265,994407177522,994402373763,994407606045,994403570530,994401260140,994407892681,994403169298,994404933247,994408195799,994408360589,994404570937,994405301141,994408522618,994404887912,994400431084,994404277096,994408440963,994404411709,994403323480,994402096054,994401486043,994406491905,994407442169,994404303858,994400726645,994401683136,994400704678,994402337011,994402245338,994408175130,994409598089,994400611838,994406820304,994406809354,994408074413,994409700898,994404851126,994404933321,994409965783,994403355634,994408504609,994403935737,994403248223,994403956416,994406950422,994402428519,994409272490,994404334870,994409543942,994409373309,994408719018,994403147762,994408172047,994407873384,994402954623,994400159818,994403735517,994403142006,994408792958,994407850931,994407878504,994407959827,994407349987,994406039791,994409058361,994402964691,994402405409,994402339801,994407374155,994403189943,994408429069,994402065069,994408361249,994406756076,994406976249,994404770641,994403065210,994409910233,994409220534,994406146649,994407503931,994409783080,994406256308,994401534406,994404689429,994403267165,994404286603,994400114524,994403148963,994402837356,994407232141,994400155754,994404085971,994409829297,994403175107,994400118962,994404748615,994408431981,994402692376,994405981024,994402281736,994401372340,994401105888,994401473893,994407949372,994409552573,994407236773,994402928326,994409452254,994407026546,994406861641,994406775529,994405678135,994409124337,994405861372,994403563508,994400732258,994405045406,994405606938,994408155361,994402946844,994409712997,994409187078,994402041659  
